rot:
  max: 0.15670747995260423
  mean: 0.05648349768765944
  median: 0.05682818033798524
  min: 0.0015229696069457763
  num_samples: 454
  rmse: 0.06259348581518094
  std: 0.026973300789177205
scale:
  max: 3.383192944631519
  mean: 0.05218270871798083
  median: -0.015372338354150639
  min: -0.7212635931726774
  num_samples: 454
  rmse: 0.5430724037365168
  std: 0.5405595255020603
trans:
  max: 5.098164996849618
  mean: 2.499475093265617
  median: 2.138972935670294
  min: 0.14821327982264074
  num_samples: 454
  rmse: 2.9370776987620264
  std: 1.5424168265128837
