rot:
  max: 0.1937978712097869
  mean: 0.053219717764758326
  median: 0.05001336330653112
  min: 2.9344000042696257e-05
  num_samples: 838
  rmse: 0.0625334102356126
  std: 0.032834266197600395
scale:
  max: .inf
  mean: .inf
  median: 0.05468122477492565
  min: -0.9802760071359045
  num_samples: 838
  rmse: .inf
  std: .nan
trans:
  max: 2.2783733198565463
  mean: 1.318732336847147
  median: 1.5504721402721806
  min: 0.0021503763913243187
  num_samples: 838
  rmse: 1.4377819310304552
  std: 0.5728541742462278
