rot:
  max: 0.1140866387623481
  mean: 0.022843795755348697
  median: 0.01864459253535354
  min: 9.866202385704425e-05
  num_samples: 658
  rmse: 0.03043931339161758
  std: 0.02011747487238451
scale:
  max: .inf
  mean: .inf
  median: -0.019129146779353345
  min: -0.9143393890618096
  num_samples: 658
  rmse: .inf
  std: .nan
trans:
  max: 1.4871784792127904
  mean: 0.7314221454966214
  median: 0.7143543669364179
  min: 0.001723828198015394
  num_samples: 658
  rmse: 0.8286508612370314
  std: 0.3894661665741878
