rot:
  max: 0.26690065188567175
  mean: 0.19288953947990117
  median: 0.19298233239226453
  min: 0.15522685739836609
  num_samples: 1882
  rmse: 0.19388179107000908
  std: 0.019590162524754692
scale:
  max: 3.401419772525437
  mean: 0.161568474966096
  median: 0.003535807379061562
  min: -0.06472829311150274
  num_samples: 1882
  rmse: 0.5473494213968404
  std: 0.5229598617490506
trans:
  max: 6.679557610979318
  mean: 4.157429237742734
  median: 4.412806164310295
  min: 0.009349321400864988
  num_samples: 1882
  rmse: 4.592376402633699
  std: 1.950821149318589
