rot:
  max: 0.2747304446073695
  mean: 0.11893301952299414
  median: 0.13045038608812617
  min: 9.647200516264922e-05
  num_samples: 1260
  rmse: 0.13779864436465372
  std: 0.0695945634074919
scale:
  max: .inf
  mean: .inf
  median: -0.02012731318384381
  min: -0.9141671085306889
  num_samples: 1260
  rmse: .inf
  std: .nan
trans:
  max: 5.712731137063067
  mean: 2.610806203201488
  median: 2.6232773351487357
  min: 0.0004571246727195985
  num_samples: 1260
  rmse: 3.1443145350400945
  std: 1.7522570771975896
