rot:
  max: 0.19422677689135198
  mean: 0.08010930897288444
  median: 0.09654805493076919
  min: 5.9566013377906386e-05
  num_samples: 795
  rmse: 0.09297873618206422
  std: 0.047196864280382396
scale:
  max: .inf
  mean: .inf
  median: 0.01576965056734969
  min: -0.8476621514864129
  num_samples: 795
  rmse: .inf
  std: .nan
trans:
  max: 0.9474334334717525
  mean: 0.3957350931771064
  median: 0.415461735043401
  min: 0.0010542925052095362
  num_samples: 795
  rmse: 0.4634451805075126
  std: 0.24119529714268437
