rot:
  max: 0.11303329885989329
  mean: 0.02596379276496507
  median: 0.022625397322034824
  min: 7.26074098372242e-06
  num_samples: 237
  rmse: 0.0323699803729891
  std: 0.019331246586954676
scale:
  max: 0.005734781959470414
  mean: -0.019552804694781333
  median: -0.011517874721884036
  min: -0.07392005035933136
  num_samples: 237
  rmse: 0.027370032148332012
  std: 0.019152192782249895
trans:
  max: 1.4864654595454097
  mean: 0.6906164291060084
  median: 0.6453096496393332
  min: 0.1731245331244498
  num_samples: 237
  rmse: 0.7656476599677985
  std: 0.3305530018968683
