rot:
  max: 0.14514414309083754
  mean: 0.043173019717053514
  median: 0.033263170707256894
  min: 4.451674400300569e-05
  num_samples: 230
  rmse: 0.05536181699125757
  std: 0.03465575203461042
scale:
  max: 0.0034112620082229483
  mean: -0.015393601009922769
  median: -0.013757158159750538
  min: -0.047015026073500166
  num_samples: 230
  rmse: 0.0186413191308484
  std: 0.01051360199386677
trans:
  max: 1.0244320782612242
  mean: 0.4593766751812101
  median: 0.4183298495623212
  min: 0.02248033844118494
  num_samples: 230
  rmse: 0.5065315449761942
  std: 0.21341807879237246
