rot:
  max: 0.5035367666144434
  mean: 0.21186930839448284
  median: 0.2043538847830351
  min: 2.7250000278584893e-05
  num_samples: 1331
  rmse: 0.23260366179355266
  std: 0.09599926895665903
scale:
  max: .inf
  mean: .inf
  median: 0.08456262848947493
  min: -0.685515258227261
  num_samples: 1331
  rmse: .inf
  std: .nan
trans:
  max: 12.042159715471344
  mean: 6.1651740618723645
  median: 6.930932261647706
  min: 0.004191780920284122
  num_samples: 1331
  rmse: 7.052658647470534
  std: 3.4249996765776634
