rot:
  max: 0.18406615878980792
  mean: 0.056716619068376925
  median: 0.057177671106459584
  min: 4.48400178099655e-05
  num_samples: 1094
  rmse: 0.06378789109747425
  std: 0.02919109748049666
scale:
  max: .inf
  mean: .inf
  median: -0.015596735922274008
  min: -0.9378639406974538
  num_samples: 1094
  rmse: .inf
  std: .nan
trans:
  max: 4.928484898175893
  mean: 2.279947896684063
  median: 2.078726302303947
  min: 0.0013694772713546582
  num_samples: 1094
  rmse: 2.7553230416870322
  std: 1.547140152816608
