rot:
  max: 0.14994805526984564
  mean: 0.035438600362958865
  median: 0.022910982998770715
  min: 7.85347895981424e-06
  num_samples: 481
  rmse: 0.049681236740363816
  std: 0.03481854230674465
scale:
  max: 0.020205451816045716
  mean: -0.030197474551792856
  median: -0.016286947896994697
  min: -0.11298877724665657
  num_samples: 481
  rmse: 0.04741727507593153
  std: 0.03655831651376167
trans:
  max: 2.2844416840042667
  mean: 1.4137420320820493
  median: 1.5445894687858523
  min: 0.0037978326962647
  num_samples: 481
  rmse: 1.5410329415395552
  std: 0.6132829637570013
