rot:
  max: 0.16947163328767853
  mean: 0.053586772742622794
  median: 0.041270972553443086
  min: 5.8633755953601765e-05
  num_samples: 1792
  rmse: 0.06745883615707805
  std: 0.04097746164293244
scale:
  max: 14.994318560751346
  mean: 0.22246846275960547
  median: -0.01252421848355656
  min: -0.8716688842181586
  num_samples: 1792
  rmse: 1.213897653927266
  std: 1.1933378806052786
trans:
  max: 7.895934212469814
  mean: 3.93871342508007
  median: 4.8786646265796705
  min: 0.050446915115072016
  num_samples: 1792
  rmse: 4.507655677385347
  std: 2.1921442153650323
