rot:
  max: 0.1769674289911227
  mean: 0.08166592861080658
  median: 0.09214223380018016
  min: 7.7084011361825e-05
  num_samples: 737
  rmse: 0.09223266735911358
  std: 0.042866549106634864
scale:
  max: .inf
  mean: .inf
  median: -0.02764320396703024
  min: -0.8256286567506541
  num_samples: 737
  rmse: .inf
  std: .nan
trans:
  max: 1.81567240552341
  mean: 0.9715959652940107
  median: 1.194158849724007
  min: 0.0012148116735906022
  num_samples: 737
  rmse: 1.1279154927341573
  std: 0.5728827445246858
