rot:
  max: 0.5275436474387719
  mean: 0.1857440182052268
  median: 0.15402729340842394
  min: 0.04045226966108578
  num_samples: 1113
  rmse: 0.20955378388923604
  std: 0.09701519490921515
scale:
  max: 0.8873330373863071
  mean: 0.15272715386689242
  median: 0.14827443930162887
  min: -0.04630367937342006
  num_samples: 1113
  rmse: 0.21053584381197984
  std: 0.14491293248478876
trans:
  max: 13.947039176128117
  mean: 5.053292493399319
  median: 5.356177255378058
  min: 0.007713850604733249
  num_samples: 1113
  rmse: 5.682938851610251
  std: 2.600005570627748
