rot:
  max: 0.44191244728860174
  mean: 0.1622809383849082
  median: 0.1270632680854482
  min: 0.06346702955834847
  num_samples: 2024
  rmse: 0.18670539457405594
  std: 0.09232443555184912
scale:
  max: 0.03787589290599125
  mean: -0.11515158976340986
  median: -0.1394759194183855
  min: -0.20221892217929482
  num_samples: 2024
  rmse: 0.1329409613856032
  std: 0.06643350501883674
trans:
  max: 14.833037487324905
  mean: 6.611950335314082
  median: 5.377580884955012
  min: 0.010528508291198288
  num_samples: 2024
  rmse: 7.959872695133385
  std: 4.4318941871473
