rot:
  max: 2.4579306685081863
  mean: 2.413494243470705
  median: 2.419792622691629
  min: 2.342452506670017
  num_samples: 2011
  rmse: 2.413700881185054
  std: 0.03158291575006263
scale:
  max: 0.1352414428133346
  mean: 0.0012464622898082543
  median: -0.002302601001223148
  min: -0.44498522920367434
  num_samples: 2011
  rmse: 0.08797426826032816
  std: 0.08796543757465353
trans:
  max: 11.902657126548569
  mean: 5.4131640906920495
  median: 5.656273004599919
  min: 0.012258892465599339
  num_samples: 2011
  rmse: 6.147068837310871
  std: 2.9127495288610965
