rot:
  max: 2.4934383835558713
  mean: 2.4277623432174598
  median: 2.4381438185444493
  min: 2.3351592789176467
  num_samples: 2011
  rmse: 2.4280579661732693
  std: 0.0378878866227999
scale:
  max: 0.07190660402359916
  mean: -0.04535017998943279
  median: -0.0455686800034284
  min: -0.23402406084350358
  num_samples: 2011
  rmse: 0.09219184198326523
  std: 0.08026641204883517
trans:
  max: 9.548676761967618
  mean: 5.5367211753334145
  median: 6.158016382802059
  min: 0.02273425662153173
  num_samples: 2011
  rmse: 6.071604913766829
  std: 2.4918075478439503
