rot:
  max: 0.29886964339136696
  mean: 0.1470010975004252
  median: 0.1492945977714148
  min: 0.05275525221096455
  num_samples: 1055
  rmse: 0.15375821419759297
  std: 0.0450806584568523
scale:
  max: 0.0387150820012887
  mean: -0.13334620758173743
  median: -0.1450661310442518
  min: -0.20231893638314902
  num_samples: 1055
  rmse: 0.14235269669016168
  std: 0.04983050449804168
trans:
  max: 4.350570737856291
  mean: 2.718234022154449
  median: 2.8355335485011
  min: 0.007105112856905148
  num_samples: 1055
  rmse: 2.964454595215046
  std: 1.1828756688230808
