rot:
  max: 0.35943074615373644
  mean: 0.1481202805395118
  median: 0.16350956715818618
  min: 0.00015908721673951994
  num_samples: 1917
  rmse: 0.16734023684254912
  std: 0.07786615027993084
scale:
  max: 16.31604325757942
  mean: 0.2741378026032956
  median: -0.014915688526795257
  min: -0.6231632447597614
  num_samples: 1917
  rmse: 1.4091336559830354
  std: 1.3822105937981926
trans:
  max: 10.66594245458974
  mean: 3.7149531101658417
  median: 3.4770980708200705
  min: 0.02833123456721724
  num_samples: 1917
  rmse: 4.381080027755702
  std: 2.32228025846775
