rot:
  max: 0.21189901963869223
  mean: 0.08037093447466674
  median: 0.08988449968856636
  min: 3.653787530431621e-05
  num_samples: 417
  rmse: 0.09745845712219561
  std: 0.05512407601318744
scale:
  max: .inf
  mean: .inf
  median: -0.008576401746707485
  min: -0.7968519531718505
  num_samples: 417
  rmse: .inf
  std: .nan
trans:
  max: 3.9461033247037567
  mean: 0.9239966853436609
  median: 0.5824293807061309
  min: 0.0007985202231609416
  num_samples: 417
  rmse: 1.3837301676805214
  std: 1.0300190786694639
