rot:
  max: 0.1452979207630184
  mean: 0.04037155334337454
  median: 0.030978712654170137
  min: 5.63999945211117e-07
  num_samples: 615
  rmse: 0.05392988005600369
  std: 0.03575709221256684
scale:
  max: .inf
  mean: .inf
  median: -0.018750424269528776
  min: -0.9380094379576048
  num_samples: 615
  rmse: .inf
  std: .nan
trans:
  max: 0.9050012391098939
  mean: 0.39136074816561084
  median: 0.37435250646187407
  min: 0.0017815050900328632
  num_samples: 615
  rmse: 0.4437447617379411
  std: 0.20915587097931398
