rot:
  max: 0.15818182298897662
  mean: 0.034884817676686976
  median: 0.025702826414671823
  min: 1.4776799000152947e-05
  num_samples: 1540
  rmse: 0.04696123066002608
  std: 0.031438935744844826
scale:
  max: 0.4774710573937109
  mean: -0.015446601651450224
  median: -0.010476513336227011
  min: -0.7501043110529371
  num_samples: 1540
  rmse: 0.06263488877462153
  std: 0.060700344226623834
trans:
  max: 2.2354439159450887
  mean: 1.2126414038782778
  median: 1.1180933603616987
  min: 0.05337298573738359
  num_samples: 1540
  rmse: 1.339223885243539
  std: 0.5683497518314922
